430	793
640	156
711	108
15	19
264	786
743	742
715	714
723	9
161	310
785	32
725	10
608	609
714	798
436	426
10	27
540	787
692	419
232	553
183	184
126	614
38	142
340	279
513	22
98	158
90	449
144	795
469	473
345	332
309	246
756	437
134	633
621	53
88	448
401	409
513	269
233	234
80	811
669	342
768	767
274	275
233	232
199	726
792	374
569	383
389	701
23	11
444	611
650	640
385	545
110	353
707	139
429	428
536	583
761	763
597	104
10	722
387	30
206	711
389	60
284	285
406	413
722	35
818	821
41	624
236	238
783	339
467	475
139	141
511	6
327	328
493	517
772	376
153	322
72	822
184	626
264	826
273	271
390	698
761	757
326	335
526	98
750	761
54	55
11	5
26	511
85	83
67	72
552	323
390	172
757	758
805	329
234	553
764	757
621	546
558	513
394	395
225	224
645	646
43	525
260	687
45	525
12	617
417	92
781	782
812	814
651	503
110	669
455	445
90	88
699	694
451	452
358	465
822	813
221	303
114	115
88	460
284	707
166	167
125	126
271	686
767	770
389	309
580	579
198	16
565	821
742	400
378	377
601	600
783	363
831	597
308	800
803	270
616	15
726	725
750	760
784	586
239	244
445	242
638	524
446	456
158	159
357	466
746	741
607	543
562	563
341	252
68	69
796	803
167	168
470	222
163	396
64	273
368	366
219	220
430	788
389	392
625	196
694	165
32	442
75	76
618	225
273	718
538	540
335	336
729	761
78	735
243	461
11	481
611	608
376	602
756	192
528	784
110	550
615	778
360	338
750	751
32	196
739	740
290	187
433	86
389	208
753	8
53	137
493	361
665	666
783	779
521	327
797	781
475	284
374	375
682	263
74	716
335	210
159	773
72	736
203	260
29	730
145	552
32	261
196	198
620	22
641	525
345	405
492	493
376	771
589	364
704	703
55	80
621	421
612	603
212	450
128	515
428	371
570	571
447	456
8	464
184	537
636	262
402	414
582	688
309	200
171	530
19	614
738	745
306	307
184	554
649	70
576	151
576	150
159	615
327	805
696	680
475	117
11	461
664	665
452	454
567	712
782	568
79	565
549	113
299	457
445	446
443	444
273	189
355	51
592	715
510	146
822	815
728	89
325	336
513	109
392	702
201	481
525	98
422	423
405	406
208	362
620	726
708	709
590	480
116	682
486	824
405	400
470	469
461	557
417	591
686	754
340	313
15	357
310	266
654	655
408	403
240	242
478	122
523	806
460	448
65	262
346	753
467	468
496	496
650	175
733	14
779	383
168	209
264	265
0	1
719	717
792	436
695	385
647	645
830	620
77	72
554	347
31	727
270	832
22	199
517	23
354	355
264	508
484	485
576	149
577	56
384	205
225	226
588	587
387	613
273	274
790	532
175	524
489	488
620	619
778	75
681	439
556	97
105	548
340	314
159	202
222	221
21	10
157	650
212	513
72	812
386	210
538	637
553	552
496	497
239	240
170	27
224	229
150	527
538	787
417	186
793	788
308	38
15	724
335	697
380	425
345	360
631	630
170	474
818	819
187	575
37	177
515	518
612	721
449	88
577	318
360	695
504	180
829	116
593	594
794	823
412	407
357	358
184	85
659	660
34	616
665	662
479	163
60	391
177	691
14	32
825	124
791	52
443	458
226	227
369	366
171	209
261	34
753	4
27	28
392	350
197	16
218	215
786	507
639	525
688	476
534	533
300	223
205	206
810	258
165	256
579	797
96	94
259	687
285	288
22	21
552	755
469	308
284	705
71	102
742	741
292	323
826	40
137	136
401	408
336	337
742	738
256	326
11	482
551	381
268	807
331	438
271	647
468	618
545	164
630	264
418	98
1	2
70	66
650	638
459	446
653	659
243	217
55	577
44	524
92	103
55	79
730	24
532	536
734	136
338	627
711	578
423	380
339	383
636	429
528	586
803	720
645	674
265	387
486	513
383	384
493	201
425	435
115	681
360	700
159	322
256	12
138	805
258	259
389	390
235	237
720	250
373	7
366	367
510	398
718	719
186	529
621	157
795	534
159	777
620	258
335	746
466	794
447	466
513	258
53	734
178	134
159	776
124	625
110	317
571	572
55	71
833	834
0	123
513	67
708	677
588	68
389	484
770	590
709	105
487	489
546	315
749	748
78	817
234	145
574	575
94	95
487	785
826	827
662	663
159	319
89	760
557	558
646	62
196	197
705	706
417	803
159	778
711	381
636	430
11	66
27	128
122	49
67	73
29	6
127	100
120	119
42	90
138	6
13	28
136	43
136	140
30	131
116	44
87	61
29	58
51	41
91	55
147	41
7	69
14	143
99	71
93	50
35	35
87	101
10	63
92	63
62	131
44	147
87	138
46	143
91	77
80	72
10	13
12	114
28	51
26	28
60	70
141	55
28	142
31	99
115	1
117	12
63	64
27	59
132	61
130	56
125	33
116	32
17	38
8	139
32	27
90	10
41	138
34	80
130	73
146	86
37	103
84	12
34	90
10	122
32	48
104	25
72	101
71	93
140	15
105	130
107	24
125	125
125	122
15	134
128	43
93	114
22	126
84	115
17	14
7	47
122	83
9	23
77	13
54	78
66	112
71	64
68	23
22	67
120	33
50	19
30	52
30	77
111	46
108	16
50	40
110	137
85	65
85	109
113	68
44	107
98	107
134	47
36	120
79	87
143	62
105	117
142	78
5	127
18	83
69	135
58	40
81	91
104	112
90	16
17	7
33	98
127	137
37	67
19	130
118	109
129	6
40	5
81	137
145	67
133	16
23	101
140	115
28	122
17	48
90	127
147	37
67	13
98	79
141	57
82	22
15	99
13	92
41	4
137	108
80	6
58	0
114	146
81	39
114	108
97	119
45	17
18	82
79	63
113	40
13	87
125	64
84	140
32	43
135	74
70	137
64	129
17	53
135	68
66	13
147	95
9	140
8	98
142	11
109	122
131	45
138	73
25	134
26	132
90	67
112	80
99	68
36	129
23	2
124	114
62	44
118	105
47	36
62	67
50	59
89	56
72	90
64	118
97	114
72	139
12	100
53	86
97	31
9	106
100	18
55	18
23	60
12	66
102	0
102	32
36	29
89	122
103	117
66	42
130	112
30	136
86	65
143	131
129	11
34	103
23	58
117	22
38	8
59	143
117	144
7	105
3	68
79	77
93	6
33	54
46	68
106	55
77	24
73	16
87	121
76	131
93	74
77	39
57	61
137	0
81	115
65	103
11	26
7	134
47	48
83	7
2	99
48	107
13	43
108	45
61	100
64	18
104	103
112	19
94	100
10	87
34	64
95	118
55	103
73	53
130	138
98	140
11	107
49	87
54	119
13	111
39	95
65	81
49	121
73	56
145	5
106	108
102	120
68	49
88	131
25	16
88	123
82	24
77	36
85	116
12	115
85	143
116	61
66	51
145	25
53	58
62	79
113	59
132	121
91	88
127	146
57	135
140	147
4	141
44	134
57	63
130	11
34	16
52	51
114	137
42	10
130	17
49	143
146	41
9	111
135	54
60	41
145	135
91	15
111	102
119	52
131	31
75	123
9	59
0	31
103	85
20	69
115	39
36	123
133	99
4	64
42	129
69	19
40	74
94	38
86	136
109	88
129	37
129	8
144	101
56	29
34	13
119	73
50	75
21	120
104	53
60	143
144	103
129	83
135	134
15	56
58	120
22	132
41	118
145	12
144	58
41	13
103	135
101	85
69	107
143	87
60	95
101	9
80	144
6	87
35	78
138	100
134	11
46	91
118	146
80	140
140	78
130	76
65	95
60	122
113	136
28	31
63	20
67	124
35	120
64	144
117	9
76	82
127	55
39	29
48	141
43	106
36	105
143	147
80	31
143	59
45	87
44	20
66	45
92	5
110	133
37	116
10	113
2	16
140	105
146	134
38	42
30	10
14	81
7	140
74	93
4	94
106	17
13	67
145	42
4	129
5	81
124	90
30	0
39	69
88	9
45	10
59	69
71	40
118	13
56	19
106	31
63	132
107	85
134	92
139	128
111	109
58	92
115	142
108	6
57	17
25	86
87	12
105	28
111	101
136	102
141	33
116	43
144	5
107	44
36	30
44	101
32	143
135	146
7	132
16	0
43	11
141	90
59	117
85	69
19	70
137	137
131	109
56	70
119	107
37	95
87	62
51	138
42	70
59	27
8	79
26	106
69	98
32	10
142	114
103	36
18	75
57	120
131	27
37	23
69	144
99	135
6	71
53	66
132	52
45	15
92	60
108	56
24	35
52	115
44	133
56	86
116	16
49	78
142	87
102	30
103	61
104	68
107	139
96	61
81	71
106	111
69	99
0	95
111	25
102	19
107	78
47	5
142	40
19	1
55	7
38	15
2	1
20	79
24	23
80	48
126	143
43	69
13	120
101	100
42	92
74	10
84	122
147	55
147	65
59	52
30	89
123	117
142	28
40	102
26	84
1	141
31	24
97	20
147	43
110	147
