124	18
104	34
40	143
104	48
58	77
47	118
105	63
63	110
25	128
92	112
123	111
107	7
2	9
110	81
40	24
55	47
133	19
123	84
64	59
57	63
45	66
84	106
72	31
55	90
31	138
138	95
15	41
22	21
110	72
146	111
132	124
39	33
55	45
4	79
107	27
28	142
42	120
127	128
35	79
106	79
1	46
0	55
58	54
55	91
92	114
115	129
78	47
34	34
83	39
80	127
5	68
65	95
21	84
45	17
115	98
31	126
115	90
58	134
72	6
86	36
96	21
99	80
96	120
21	66
17	116
24	125
29	130
54	112
88	44
128	61
114	121
38	30
7	54
12	43
28	68
82	68
118	92
81	64
138	30
109	69
132	76
140	50
35	97
99	0
33	66
52	18
94	42
143	85
0	126
144	60
20	142
126	110
77	38
108	1
119	139
9	53
125	72
132	10
81	127
10	0
91	34
3	2
81	60
0	119
44	77
22	145
45	84
63	104
59	9
64	5
122	41
17	80
86	62
129	124
104	10
136	98
36	127
117	18
123	15
84	8
68	121
93	140
6	7
119	37
106	24
136	120
139	13
95	146
38	69
39	144
121	131
16	107
118	27
84	85
53	58
62	45
86	45
140	29
68	26
116	90
91	45
30	121
100	57
47	45
65	66
15	128
80	95
69	88
61	139
32	141
142	44
143	52
110	147
107	16
122	33
94	55
122	76
34	118
87	91
115	145
38	11
107	108
32	129
114	38
91	95
13	147
2	117
68	62
20	80
68	17
95	99
136	130
121	46
41	58
16	52
74	70
123	63
101	56
128	49
124	129
41	140
74	109
84	14
11	70
60	3
110	18
7	2
140	118
83	124
100	50
15	40
24	47
71	56
73	75
125	32
70	27
3	72
130	112
75	70
139	96
6	53
29	85
130	60
29	50
94	99
2	95
16	63
46	118
116	58
139	131
44	80
118	129
60	39
32	66
123	14
93	112
3	15
108	111
70	70
63	82
20	84
69	97
55	57
74	16
29	82
99	53
131	77
86	130
131	26
31	91
78	20
140	42
81	21
107	49
5	69
66	45
145	104
64	51
67	98
64	146
103	48
119	57
71	62
26	62
4	110
18	123
72	132
3	82
121	61
46	71
33	130
4	129
86	112
84	131
112	27
3	109
56	137
67	63
84	77
123	78
21	8
106	45
41	10
120	43
134	45
75	117
135	62
10	50
106	75
142	95
29	15
5	137
144	145
103	113
143	89
141	49
109	40
45	117
134	17
86	37
79	130
36	37
117	70
48	140
145	65
131	85
102	16
69	144
0	26
4	94
60	143
92	90
36	60
35	120
3	21
38	72
79	88
66	119
110	125
100	41
134	98
43	53
82	14
98	123
110	28
127	9
14	129
71	60
92	0
124	34
43	33
43	7
21	103
103	106
24	108
2	81
118	144
20	143
32	134
77	87
35	72
11	63
80	7
123	77
20	28
50	15
64	116
30	116
11	101
120	104
116	119
21	59
44	107
130	142
81	78
5	16
55	17
46	14
28	69
96	89
61	79
62	34
121	119
26	87
131	60
68	139
95	10
95	24
131	40
56	114
98	10
40	135
20	37
116	80
100	2
47	61
23	38
61	124
39	57
3	138
134	16
82	108
98	25
34	31
134	86
124	22
64	12
91	97
4	52
127	112
59	42
142	103
19	35
18	2
125	77
144	32
29	33
95	19
95	77
39	48
0	2
18	75
70	145
27	71
134	85
97	99
22	17
90	80
20	14
43	108
105	98
8	5
112	69
42	13
141	111
58	97
140	20
3	94
76	146
85	70
136	60
134	89
64	44
136	84
111	78
140	10
39	75
91	60
135	27
24	54
21	125
30	129
68	58
131	123
48	55
120	110
123	101
84	108
88	31
71	115
137	125
67	15
0	40
93	46
3	13
147	10
42	134
40	104
70	82
128	28
44	9
111	102
99	5
54	65
77	145
104	11
27	61
62	85
12	101
53	101
3	63
145	50
126	67
1	129
16	30
26	105
24	45
56	18
92	127
57	73
74	72
51	91
108	93
117	103
121	26
128	32
20	71
102	77
87	98
127	114
125	113
135	44
138	43
55	111
47	123
72	53
19	131
74	67
93	79
95	29
109	46
61	22
2	107
89	45
5	50
125	57
88	56
6	1
45	109
123	146
63	77
55	145
15	19
95	103
25	111
141	20
48	91
119	90
90	112
94	20
52	74
123	133
43	44
25	19
14	30
94	47
131	107
23	115
125	36
9	95
146	26
34	143
65	49
138	103
50	73
94	79
10	14
14	119
83	84
98	81
23	98
82	128
30	45
90	76
77	6
12	31
4	82
106	125
62	15
78	42
115	12
3	17
31	90
103	118
0	146
110	17
72	101
23	88
93	141
99	6
4	31
44	42
78	91
139	5
34	60
104	140
131	103
119	47
72	24
58	84
29	60
45	108
116	103
59	97
118	35
80	108
69	13
143	95
11	89
133	88
132	122
144	27
80	90
9	120
20	29
131	58
57	96
145	46
60	7
63	133
12	24
66	88
123	20
18	9
131	144
87	56
146	104
138	25
106	30
63	68
80	102
42	128
5	126
77	47
17	34
24	124
49	76
108	44
74	42
130	79
25	106
107	28
68	86
26	52
12	89
9	103
80	14
55	110
9	64
54	108
118	26
27	138
134	25
86	107
117	74
20	125
106	121
33	61
21	131
41	2
115	16
134	118
139	140
113	94
26	1
129	141
102	13
51	21
65	106
26	93
72	120
60	20
23	69
91	6
22	128
91	111
88	8
42	46
40	58
2	15
110	109
129	111
6	47
102	117
111	90
94	4
67	99
43	25
115	33
48	38
3	98
27	133
2	129
63	46
88	117
126	145
61	146
53	129
107	55
93	143
81	92
112	104
96	10
65	115
95	58
16	86
68	113
131	15
128	145
136	116
98	58
75	38
36	50
8	11
143	63
62	24
44	85
26	106
136	66
142	17
125	26
79	80
63	55
2	138
40	91
64	144
91	96
65	10
29	21
122	91
32	58
128	67
116	7
130	84
65	107
25	49
68	59
143	16
88	139
39	49
12	53
49	124
126	24
5	104
50	31
74	78
61	99
58	69
101	103
2	105
38	0
13	132
117	39
125	9
71	125
31	11
119	120
81	82
70	107
16	125
124	48
132	95
72	41
99	13
119	104
10	40
116	19
79	98
6	54
65	65
92	57
53	72
120	58
33	120
140	12
72	87
18	125
84	75
116	147
14	144
70	61
19	54
32	105
126	93
56	135
132	116
11	135
45	82
20	120
18	34
79	113
137	63
35	64
14	58
104	92
5	38
59	61
36	8
145	34
124	16
98	65
27	14
121	106
139	139
79	141
139	145
81	83
87	5
24	114
114	95
123	29
83	80
114	112
46	121
117	71
61	45
46	45
71	39
49	138
147	140
47	132
2	69
102	67
47	53
120	49
51	101
12	42
35	131
74	28
32	10
109	128
75	101
116	138
29	4
21	143
19	121
136	65
112	18
108	98
36	16
118	82
17	68
139	87
132	47
33	30
110	0
38	47
66	147
32	74
69	6
76	39
99	38
18	103
116	137
80	49
71	128
126	64
42	101
49	47
74	44
92	119
146	146
79	28
96	56
86	98
41	15
83	123
86	64
14	100
118	99
129	57
143	137
84	90
55	92
12	81
112	110
51	103
67	19
65	83
58	113
80	55
121	109
40	57
21	147
26	65
51	23
4	104
123	82
21	124
108	99
3	41
19	18
68	82
58	141
39	119
60	90
114	100
138	10
91	132
17	41
115	23
118	29
129	107
41	48
24	84
44	113
10	115
82	120
107	85
38	120
132	136
68	42
81	24
141	88
33	69
63	125
89	12
33	131
7	48
133	20
36	33
45	97
8	114
136	29
3	31
55	97
56	28
57	43
118	64
30	53
59	132
18	97
107	106
35	21
57	38
6	8
82	123
113	5
136	36
86	133
147	21
27	60
98	117
87	28
25	36
27	139
130	108
139	92
141	99
51	29
60	49
87	73
144	94
26	103
81	107
83	42
80	143
143	59
17	16
76	65
11	66
69	76
43	98
110	134
113	13
106	137
62	53
132	67
76	27
26	146
108	136
33	75
93	53
131	27
61	4
61	134
143	55
96	65
144	29
107	0
61	90
103	80
108	49
111	95
68	44
74	58
46	6
115	2
21	58
112	70
98	51
54	28
98	102
1	21
131	57
146	139
50	84
11	94
20	13
35	77
72	119
116	95
13	113
53	143
79	72
72	79
37	50
19	42
32	38
130	24
89	80
26	132
79	47
42	135
48	133
22	19
98	63
140	129
85	78
28	92
146	73
54	15
44	111
114	23
132	132
139	126
38	121
127	106
126	76
77	60
81	99
112	141
4	132
39	98
96	144
