64	99
54	76
100	46
30	76
108	101
53	93
27	18
55	85
66	95
111	44
62	65
5	84
14	72
31	54
40	36
50	48
94	115
56	30
18	73
86	68
83	4
9	68
95	54
88	25
47	116
11	94
91	52
20	23
72	94
51	50
51	101
63	104
50	76
51	34
44	75
51	67
43	113
62	12
65	2
40	37
66	82
76	65
68	6
99	71
60	24
0	41
68	116
42	28
72	28
116	101
88	76
18	88
29	1
56	40
77	13
4	45
120	87
5	73
110	81
32	96
13	14
73	106
105	90
51	121
86	59
103	119
27	23
80	74
75	76
85	68
11	66
73	57
62	71
41	5
65	87
71	72
13	46
120	65
26	65
68	68
83	25
57	55
119	81
64	55
66	58
3	83
12	113
19	66
30	41
58	105
90	102
25	121
7	89
28	88
121	78
107	109
60	14
58	69
70	22
32	42
74	65
46	51
29	79
6	109
94	54
37	97
83	114
14	115
120	104
100	81
111	52
83	37
96	120
94	31
35	84
52	6
105	114
35	4
65	19
69	30
45	108
99	64
68	79
54	35
38	48
45	101
40	48
89	27
54	59
103	112
73	2
83	60
84	39
65	12
74	57
85	48
49	66
14	113
20	118
56	14
7	20
117	109
106	58
94	46
107	75
19	75
38	100
120	34
28	10
46	47
95	74
75	11
35	96
98	27
0	91
68	42
34	41
54	104
29	74
109	48
77	16
31	25
118	82
80	69
84	107
23	31
92	99
106	48
41	54
9	38
92	81
45	88
75	79
30	39
29	90
79	105
4	69
45	56
104	80
54	12
61	121
49	21
53	39
98	34
0	77
38	109
42	64
86	57
88	50
112	96
117	55
21	80
76	3
62	49
72	11
28	105
69	8
49	114
15	96
26	113
21	98
109	30
87	46
33	106
86	71
103	25
117	89
24	31
98	37
82	109
22	48
39	108
0	13
100	30
115	117
46	94
119	122
49	121
23	99
82	55
15	0
2	104
53	68
92	112
42	122
2	122
82	108
64	4
93	55
36	47
76	44
7	54
91	15
104	69
12	50
68	10
37	53
40	44
54	20
38	77
22	46
83	35
71	102
59	118
97	120
64	77
59	77
44	9
0	40
4	26
44	95
75	9
119	12
92	56
31	30
108	5
91	28
81	8
74	116
85	122
45	64
100	31
53	84
34	98
72	75
51	11
77	22
114	53
97	86
14	36
1	33
92	41
27	62
30	79
106	9
100	42
68	113
9	19
19	23
27	19
2	5
35	30
86	87
81	116
41	26
99	63
81	94
94	16
91	100
32	58
12	0
26	36
93	5
39	59
51	56
80	120
61	95
56	3
5	28
57	63
110	117
22	92
57	103
122	55
25	21
54	122
62	93
57	49
5	41
110	11
101	66
98	16
73	36
91	41
114	33
7	96
56	71
59	36
98	22
8	11
83	88
65	18
10	7
22	4
82	15
94	9
74	53
108	60
1	25
48	96
75	121
33	119
102	109
108	6
56	39
65	32
87	88
77	69
35	26
5	87
23	51
4	106
80	29
1	89
19	14
62	67
114	103
68	117
87	119
57	110
89	29
11	36
86	114
59	7
86	54
94	15
68	8
52	2
34	76
55	48
92	32
62	113
13	82
72	47
105	16
73	94
68	65
59	26
77	49
114	105
82	56
25	102
6	57
116	115
51	35
76	94
16	20
64	5
77	59
87	59
13	70
95	113
83	116
44	1
84	21
13	32
54	55
26	41
121	81
32	19
16	97
115	44
24	95
12	80
89	49
101	11
101	103
53	118
68	16
108	88
117	120
36	51
118	1
8	28
40	12
114	80
36	56
45	36
63	6
62	61
6	59
55	64
39	107
51	60
30	18
44	23
59	121
31	68
99	70
62	6
53	105
57	81
26	76
73	109
70	44
119	84
76	24
29	45
99	86
4	120
3	0
89	44
64	110
47	50
41	110
116	62
67	31
37	89
25	37
5	59
120	68
83	5
1	82
94	75
108	10
111	83
42	3
3	109
37	101
45	52
48	111
72	72
9	44
14	10
9	114
99	105
26	82
68	82
47	46
76	64
8	95
89	71
101	94
2	23
27	8
40	28
53	100
64	85
115	40
67	45
99	47
40	18
85	21
93	49
35	52
11	88
67	23
26	29
101	67
0	43
119	100
97	59
102	93
67	43
106	29
75	70
82	102
104	20
114	93
32	20
3	71
18	32
33	22
20	78
87	44
49	57
92	50
61	65
16	117
78	50
74	24
96	91
43	24
33	92
16	81
69	106
44	114
49	1
90	71
56	93
110	67
31	81
52	106
7	107
25	5
18	99
22	39
9	101
2	77
63	87
7	86
57	34
67	2
121	70
99	101
6	20
68	20
111	111
7	119
6	122
14	46
47	26
71	97
35	3
50	117
73	67
60	101
75	120
84	43
48	112
18	39
112	49
65	40
61	106
84	81
52	37
107	37
98	33
34	73
49	61
15	83
14	43
17	62
57	44
79	42
11	59
107	30
67	63
57	74
107	5
79	34
49	84
118	21
122	101
115	105
92	87
99	54
73	85
77	94
95	43
77	86
50	102
58	15
86	80
7	75
82	54
86	72
99	61
61	117
77	70
82	11
85	78
89	70
76	12
89	100
63	34
39	33
77	48
86	94
80	13
35	109
4	95
20	24
37	81
99	76
55	57
3	14
77	71
4	44
115	33
80	71
0	12
67	82
5	80
16	66
110	47
34	54
63	83
23	49
11	109
26	116
28	98
27	100
111	30
98	0
109	51
114	3
37	93
88	63
89	57
101	10
63	110
1	44
2	53
23	45
43	43
87	67
58	79
67	115
116	117
15	69
109	32
72	10
46	64
44	56
122	37
67	22
58	68
14	14
103	113
119	85
78	61
114	66
16	111
68	122
85	50
36	95
110	48
80	22
2	107
51	47
122	65
54	62
25	94
3	87
95	45
82	22
107	57
7	113
59	117
38	58
89	38
114	79
66	119
111	121
101	35
108	1
107	66
33	118
79	16
18	103
62	3
15	34
70	52
61	48
20	56
90	85
39	89
70	54
108	98
23	113
15	10
116	118
8	112
102	38
85	51
20	72
84	54
87	73
70	63
10	88
21	111
70	66
44	28
84	29
89	59
64	71
36	67
100	86
18	110
82	85
6	35
87	21
43	62
108	68
37	94
114	27
31	97
4	97
11	32
84	119
92	39
23	37
52	95
41	114
98	84
43	2
30	78
109	99
98	61
36	104
32	90
99	43
81	71
50	93
89	19
57	37
71	13
99	53
97	21
1	116
50	3
87	93
112	119
67	76
26	73
69	113
31	29
106	104
110	46
14	102
84	55
90	5
27	57
58	60
107	48
84	27
38	47
10	25
33	49
67	92
37	52
53	60
14	49
19	83
71	101
15	68
104	28
74	104
8	8
21	24
23	103
80	12
35	62
23	6
112	27
88	12
76	10
64	63
39	81
55	121
26	115
122	41
108	11
96	112
43	76
103	52
78	41
80	19
5	104
64	58
17	97
74	11
42	87
59	101
107	50
38	49
110	94
56	4
48	81
27	15
98	75
121	86
61	44
107	6
103	92
113	28
68	44
0	118
96	13
13	107
38	66
89	112
58	18
29	19
60	85
12	42
47	12
85	66
70	32
26	90
78	77
75	25
109	4
21	104
18	114
34	83
77	73
104	30
58	99
34	113
23	53
60	93
86	25
56	118
11	9
54	66
91	111
102	60
107	13
90	100
92	22
103	90
118	22
55	32
11	58
87	33
116	16
20	16
23	2
108	111
11	107
110	30
36	28
28	84
2	116
102	42
10	30
61	92
14	95
18	93
21	45
94	60
67	100
99	93
85	6
51	82
56	110
49	118
42	74
67	61
33	3
18	122
99	80
118	111
11	106
0	79
103	82
4	51
63	30
94	102
26	58
8	71
36	92
65	59
72	61
101	55
82	10
110	23
35	87
89	12
118	30
49	91
49	45
97	5
122	87
51	16
108	42
23	34
87	66
111	19
38	37
17	69
63	113
59	82
77	67
56	86
24	28
56	44
68	86
89	117
77	17
96	53
72	50
74	7
114	91
23	98
99	121
45	65
54	74
42	36
66	121
57	106
30	108
104	50
34	34
32	12
65	92
39	110
72	76
26	79
118	52
82	89
47	111
4	4
60	61
48	83
45	46
21	69
22	30
1	96
98	68
13	85
34	51
116	61
25	47
61	35
67	98
13	100
122	100
39	98
110	3
97	94
19	70
106	8
51	81
117	101
2	43
27	27
73	44
6	87
71	26
117	21
105	47
42	106
10	74
39	38
77	121
86	88
73	38
108	39
11	67
16	110
9	27
16	55
119	56
100	80
29	61
86	8
79	40
17	47
101	61
88	14
98	115
19	121
109	98
35	85
27	38
22	120
52	109
5	94
87	62
5	81
92	118
52	82
48	114
86	49
34	1
8	74
85	22
113	39
119	121
75	95
0	82
27	75
83	11
73	31
19	21
100	40
91	115
45	1
30	101
41	23
122	98
104	120
19	119
113	70
65	25
104	17
4	121
119	38
42	32
45	74
65	56
1	74
50	18
119	21
26	28
19	54
103	55
68	1
102	40
40	110
32	85
4	92
13	52
27	63
81	19
25	106
79	94
3	117
0	28
93	40
24	26
101	21
93	81
107	95
52	78
92	69
68	39
10	3
23	33
42	41
63	108
38	89
91	30
103	41
87	101
15	1
67	34
58	11
76	68
60	87
6	70
16	38
24	23
66	24
108	15
100	68
91	64
49	26
122	73
75	45
122	113
79	19
117	106
114	107
76	6
1	69
3	107
84	85
51	87
0	62
22	81
4	18
74	41
62	86
2	34
9	18
18	95
21	12
40	96
2	29
18	50
31	48
84	33
7	26
105	63
121	53
81	79
45	105
5	110
80	79
7	47
75	36
78	24
86	16
40	98
91	85
34	45
103	71
74	33
43	52
96	77
20	59
98	86
108	2
60	3
105	92
88	49
120	78
52	38
84	41
21	52
7	10
57	36
7	61
77	45
107	23
100	93
46	6
108	117
60	82
80	60
105	105
20	101
84	66
50	107
15	89
3	101
41	21
12	105
96	37
14	93
53	43
74	22
23	19
71	117
114	72
34	35
44	74
58	23
110	106
109	73
9	72
55	112
44	110
61	101
11	45
66	56
63	39
86	48
10	61
46	83
16	89
68	104
100	119
61	113
33	46
83	54
88	108
112	80
114	85
110	6
59	16
106	118
83	105
47	21
64	0
11	70
34	11
83	78
51	107
62	107
45	41
116	82
119	96
48	89
81	14
105	72
74	36
18	40
31	86
45	27
87	4
89	76
103	75
96	109
67	44
122	107
24	3
112	91
7	101
6	65
13	19
43	26
115	90
34	61
62	89
48	106
40	15
0	113
29	55
25	45
119	64
22	20
73	116
41	74
62	119
27	5
91	99
31	12
43	95
91	72
59	109
68	103
10	111
110	32
42	89
83	50
97	110
19	87
11	11
79	9
4	107
20	114
18	67
26	98
27	76
33	101
10	73
79	41
54	9
112	7
17	94
7	67
32	76
41	49
110	121
66	17
9	118
91	66
36	75
68	101
33	61
44	122
120	90
8	65
87	18
49	103
97	92
86	31
109	37
53	87
38	29
50	44
